
lin : 7 y : 0
................
lin : 7 y : 1
..O.............
lin : 7 y : 2
................
lin : 7 y : 3
................
lin : 7 y : 4
................
lin : 7 y : 5
..............X.
lin : 7 y : 6
................
piece x = 2 piece y = 1

p_lin : 1 y : 0
**
 18  17  16  15  14  13  12  11  10   9   8   7   6   5   4   5 
 17  16  -2  14  13  12  11  10   9   8   7   6   5   4   3   4 
 16  15  14  13  12  11  10   9   8   7   6   5   4   3   2   3 
 15  14  13  12  11  10   9   8   7   6   5   4   3   2   1   2 
 14  13  12  11  10   9   8   7   6   5   4   3   2   1   0   1 
 13  12  11  10   9   8   7   6   5   4   3   2   1   0  -1   0 
 14  13  12  11  10   9   8   7   6   5   4   3   2   1   0   1 

lin : 7 y : 0
................
lin : 7 y : 1
..OO............
lin : 7 y : 2
................
lin : 7 y : 3
................
lin : 7 y : 4
................
lin : 7 y : 5
.............XX.
lin : 7 y : 6
................
piece x = 3 piece y = 1

p_lin : 1 y : 0
.**
 17  16  15  14  13  12  11  10   9   8   7   6   5   4   4   5 
 16  15  -2  -2  12  11  10   9   8   7   6   5   4   3   3   4 
 15  14  13  12  11  10   9   8   7   6   5   4   3   2   2   3 
 14  13  12  11  10   9   8   7   6   5   4   3   2   1   1   2 
 13  12  11  10   9   8   7   6   5   4   3   2   1   0   0   1 
 12  11  10   9   8   7   6   5   4   3   2   1   0  -1  -1   0 
 13  12  11  10   9   8   7   6   5   4   3   2   1   0   0   1 

lin : 7 y : 0
................
lin : 7 y : 1
..OOO...........
lin : 7 y : 2
................
lin : 7 y : 3
................
lin : 7 y : 4
................
lin : 7 y : 5
............XXX.
lin : 7 y : 6
................
piece x = 2 piece y = 1

p_lin : 1 y : 0
**
 16  15  14  13  12  11  10   9   8   7   6   5   4   4   4   5 
 15  14  -2  -2  -2  10   9   8   7   6   5   4   3   3   3   4 
 14  13  12  11  10   9   8   7   6   5   4   3   2   2   2   3 
 13  12  11  10   9   8   7   6   5   4   3   2   1   1   1   2 
 12  11  10   9   8   7   6   5   4   3   2   1   0   0   0   1 
 11  10   9   8   7   6   5   4   3   2   1   0  -1  -1  -1   0 
 12  11  10   9   8   7   6   5   4   3   2   1   0   0   0   1 
